1	0
0.048055255	0.575547391
-0.185384163	0.250487193
-0.197227725	0.042698184
-0.047487215	0.035310522
-0.147672398	0.025988761
-0.065407528	-0.079945801
-0.004011111	-0.040222958
0.002507032	-0.03335991
0.027820932	-0.012147793
0.010785569	0.014438265
-0.001055686	0.006473164
-0.001650249	0.007507604
-0.007097973	0.002865339
-0.003185266	-0.001818159
-0.002018167	-0.000638867
-0.001011029	-0.00250074
0.001309543	-0.00101188
0.000642433	-5.29087E-05
0.00098624	0.00039942
-0.000135064	0.001234406
