1.6990268884 0.0
-0.257529958224 0.651713036743
-0.289368993826 0.0134120762941
-0.0613851207772 -0.0625331577789
-0.0611471079443 -0.00343239089921
-0.0322114825843 -0.0661569770809
0.0229328320425 -0.0176589113475
-0.00699461502073 -0.0126557720096
0.0131570075586 -0.00934458930748
-0.00411171301476 0.003020843075
0.00478856076 -0.00618947963479
0.00593460647291 0.00261276343171
0.00374546069537 -6.30400654834e-05
0.00101913701814 0.0046284300839
-0.00176061313753 0.00159630848857
-0.00096963832367 2.32230077839e-06
-0.00119075402529 -0.000290983781801
-0.000528135497321 -0.00215384147375
0.00250301300788 -0.000736513046278
0.000877410266606 -0.00045491480761
