2.1988653243 0.0
0.0528350405599 0.581471434486
-0.0847827206148 0.398684352554
-0.285964491199 0.196203772476
-0.22155315297 -0.0191993578551
-0.131087107958 -0.0737930139628
-0.0614237478151 -0.0981106946154
0.00216027311595 -0.0736271099208
0.0177183981065 -0.0430733793232
0.0120577703313 -0.0238700982722
0.00951942770922 -0.0261356674558
0.0208486540723 -0.0162035863749
0.0201003960345 -0.00842900693336
0.0174548635631 0.00317940290586
0.0106759131436 0.0016057362087
0.0111482748028 0.0019134000091
0.010822805455 0.00199483466223
0.0114161004856 0.00677425702854
0.0094829476725 0.0100056025775
0.00390428970079 0.0146399607239
-0.00315785648755 0.0127832087131
-0.00642360716567 0.0108082956316
-0.00945470946147 0.0055297728708
-0.00800709055451 0.00196280963533
-0.00595799551964 -0.00120586289967
-0.00375406773934 -0.000463683015725
-0.00542699317497 -0.00107825242664
-0.00529501715792 -0.0023481593231
-0.00488074153541 -0.00508265107467
-0.00102512398712 -0.00577104166231
