1	0
0.166637343	0.756779161
-0.224685991	0.401114878
-0.303375972	0.102840248
-0.080496109	0.070578385
-0.247162374	0.053818734
-0.118609468	-0.139017821
0.002235485	-0.071984398
0.003560016	-0.049909987
0.044983271	-0.024317374
0.020825239	0.02455785
-0.002876307	0.009327274
0.00162638	0.010869315
-0.010337031	0.008393669
-0.006371462	-0.002317467
-0.003520495	-0.000112482
-0.003313108	-0.004288656
0.002411961	-0.002873972
0.001301478	0.000174764
0.001392104	0.000230456
0.000168136	0.001902732
