1	0
-0.043173355	0.432259269
-0.163646826	0.144815724
-0.130600422	0.003902898
-0.022245596	0.010508281
-0.083427191	0.010009038
-0.031130167	-0.048411131
0.001510911	-0.021713266
0.005578964	-0.016286949
0.015567681	-0.000739314
0.00202035	0.009982402
-0.002654493	0.003364129
-0.003224746	0.003240329
-0.004175467	-0.000802856
-0.000825246	-0.001749648
-0.000500984	-0.000888432
0.000650908	-0.001127794
0.000835236	0.00047339
-2.43508E-05	0.000380857
1.77204E-06	0.000502016
-0.000664336	0.000265616
