1	0
-0.0302213485	0.3025814883
-0.1145527782	0.1013710068
-0.0914202954	0.0027320286
-0.0155719172	0.0073557967
-0.0583990337	0.0070063266
-0.0217911169	-0.0338877917
0.0010576377	-0.0151992862
0.0039052748	-0.0114008643
0.0108973767	-0.0005175198
0.001414245	0.0069876814
-0.0018581451	0.0023548903
-0.0022573222	0.0022682303
-0.0029228269	-0.0005619992
-0.0005776722	-0.0012247536
-0.0003506888	-0.0006219024
0.0004556356	-0.0007894558
0.0005846652	0.000331373
-1.704556E-005	0.0002665999
1.240428E-006	0.0003514112
-0.0004650352	0.0001859312
